4854845061
4312989203
4625508597
4918775910
9294221063
1476740125
3877635408
2052753611
8372727391
5759759508
0641650711
0918634735
1546309539
3853175216
7801977504
8461893721
6209625388
2305746082
3663844858
4671883201
1877706020
6909378249
3039136037
1756479560
0590417374
0587672409
1489474960
6361629232
3222432692
7686828355
0561288171
6305270955
9725025178
3001081650
3041151364
9618752043
0761381680
1708400918
0082239536
9058472710
7729835987
9297549187
2155021317
4609084441
3202844452
6269654397
8094377003
9195271072
1135029817
6385247727
4749822953
3553725118
3234761627
2291565762
2443766690
1913196081
9251963204
1792928223
3997528006
8010903716
1581136943
8721339611
9802006448
8031283237
8867521104
8622005572
5706690049
5060463931
4552439359
6954939868
6962834515
9888202974
3494396158
1255703933
1717066891
7102732843
0103033983
1215370292
7681281521
6306611040
0767881970
0576000000
7385849224
5971052864
0180971254
3806184973
4712424535
0186633792
3056702341
1662895604
0422097173
1134682738
9372928997
3629054795
8738580431
3168751162
9047530435
5820871825
9048434305
9938848927
7675368128
8545547874
8179682116
5064036450
2211429733
9125366416
6066167407
1812019350
0927134451
6789427798
1488267452
7987721750
8398307395
2105325744
1597380457
2223311796
5377288563
9426354821
4865534064
8040534984
9894785285
7771532024
5607658752
4317248164
7327916850
9036344639
6627804508
3147490417
5423070988
9745613422
0281924726
4692829882
5838413653
6921682528
2724616196
7741783516
4849933023
0244363886
4832763609
9096948765
1084148978
4278478125
4231564296
2756120968
2982273679
8972335080
0628910490
6082224571
0108879623
0348817708
5345261776
6646719002
5440448023
2503493300
6709754423
3912256200
1638511947
4802048149
4246581081
6269210609
7109844477
8873391768
9417167198
6090070191
2321721659
3507664090
5710703861
8489568531
7660588449
1804236015
2671365655
4360170423
9789625755
1743800456
4512893549
9171492037
7641738161
2784982335
1608154442
7451555438
2912134121
5856030383
4543852535
7916347169
3577702965
1012805095
0097407056
2699043078
9962419278
8030286323
6786784552
2002137022
5351490711
4473592911
3112049482
5975883848
1101917826
1662640068
7271390591
3648654550
6402204673
5638972941
5035422042
9369156355
9527227136
6242678109
1374731266
8877700924
7369863387
9981313146
6997245932
3716258872
2493863898
0039108982
4689242805
5293526404
6384292212
0022532484
0818417882
9157728997
6019204854
5619703787
9682004295
5398133541
7168855239
6684343762
1142109877
8788207142
3238012872
5659699863
4341812241
9657965924
1649788628
1649178883
4506116453
5112407416
3292613305
0666957824
6817498798
1445440836
9364487244
5902724424
3622835394
0493363087
8073442500
3286651631
6234489774
6832864400
1066489383
6309070504
2373244747
5608417112
0359565509
4017357178
8299249794
6335354160
1192522982
0622065061
0728878293
6053049460
1419341050
2346143744
6333426852
5811760276
3157714901
3371103109
9746210096
2681746533
9316081779
4613994729
6279910276
4134580886
6806186801
0076608440
4325103575
1557150637
7931545862
4105948417
6811956473
9973553690
8770682378
6574390018
5777112564
9274251561
6594387321
3065441361
7310762858
9926131292
6027933338
4112677261
2872078057
7555489233
5261733205
7383627629
9429574142
7182635223
7639911063
9505938472
9373249130
4326567748
3523821537
0994432479
4732062105
3668515348
2682687873
9247143380
0824893107
2289058966
1678021956
3262039870
6908391809
3384795034
7611682141
0622360904
2776991141
5840387885
8924304896
1829628032
8096924984
2523677606
6898750729
5982177586
8041013245
9073510432
9846655354
9195664169
9013423440
4067451268
2378278426
1604969864
1525473700
5334213932
6034846596
6619635584
9518426084
3517791330
7361440734
2579222728
0955099824
0503758242
0571278224
1574928681
0388889687
9518542989
9335887414
3079412536
1884439436
6436980587
7308635419
7202447315
0856548845
1377983965
1811212834
3273260822
4299645453
5851136862
3339603222
9182772195
5436844718
7910204320
9566408028
8136704904
2297462089
8832752587
0643063028
6885183530
6171857053
6241083504
0536458489
9989058233
3801431622
1185672409
2798445668
5661654331
6723286846
1446814098
7796998394
9147975770
0046838302
4233788110
4242016664
9658367017
5921100674
9204006723
1424639816
8745550091
9504926871
3243599491
6082936327
1965231205
6736751048
4999239744
5769691214
9499126258
6250318608
8457336943
3439246971
3973302252
6747844737
4201863772
